210
2 21 36.41 23 53.35
3 1 36.94 13 23.81 23 35.76
2 2 20.78 4 16.26
2 14 19.48 15 27.25
3 4 22.05 6 17.05 15 18.37
3 5 17.05 7 21.03 16 18.39
1 6 21.03
3 7 18.63 9 19.13 17 19.25
1 18 23.55
2 9 17.54 11 21.74
3 10 21.74 12 18.19 20 16.67
2 20 24.1 33 34.92
4 2 23.81 3 19.49 24 18.19 25 23.89
2 15 19.1 25 15.7
4 5 18.37 14 19.1 26 19.27 27 25.58
3 6 18.39 15 16.07 27 20.12
2 18 18.32 29 19.47
5 8 25.99 9 23.55 19 20.22 30 16.2 31 24.58
2 10 13.55 31 19.09
4 10 25.57 31 27.24 32 21.6 33 26.0
2 1 36.41 22 18.94
3 21 18.94 23 19.11 34 16.22
6 1 53.35 22 19.11 24 19.8 34 23.68 35 27.8 46 41.21
1 23 19.8
7 13 23.89 14 15.7 24 15.54 26 22.29 35 26.63 36 24.14 37 28.34
2 25 22.29 37 15.55
6 15 25.58 16 20.12 26 18.63 28 20.26 38 21.88 39 26.99
2 7 35.84 39 19.28
4 17 19.47 28 17.08 30 17.28 40 19.73
2 18 16.2 31 20.81
7 18 24.58 19 19.09 20 27.24 30 20.81 32 19.18 42 25.86 51 54.53
1 31 19.18
5 12 34.92 20 26.0 32 17.06 42 23.69 43 19.29
3 22 16.22 44 30.39 45 21.15
3 23 27.8 46 29.0 47 29.55
2 25 24.14 37 21.03
5 25 28.34 26 15.55 38 17.34 48 18.33 49 26.91
3 27 21.88 39 21.16 49 15.36
3 27 26.99 28 19.28 40 15.99
3 29 19.73 39 15.99 51 17.11
2 31 23.1 53 16.81
7 31 25.86 32 16.57 41 18.42 43 19.42 53 29.29 54 23.44 55 30.69
2 33 19.29 42 19.42
2 21 38.92 66 40.0
3 44 22.71 46 15.41 56 19.34
4 45 15.41 47 39.68 57 19.84 58 26.02
4 35 29.55 36 18.54 46 39.68 59 18.69
1 47 14.63
5 38 15.36 48 22.88 50 17.39 61 20.65 62 26.92
2 39 19.04 49 17.39
4 31 54.53 39 24.11 40 17.11 50 16.38
1 51 20.95
5 41 16.81 42 29.29 52 19.14 54 19.63 63 25.58
1 55 20.82
2 42 30.69 43 23.19
4 45 19.34 46 24.68 66 27.93 67 18.18
1 58 18.36
2 57 18.36 70 29.41
4 47 18.69 58 21.41 60 17.3 70 18.78
3 48 21.3 59 17.3 71 21.58
2 49 20.65 60 19.26
4 49 26.92 50 18.53 73 18.68 74 26.77
3 52 16.33 74 27.8 75 23.11
3 53 19.8 65 38.46 76 18.35
3 55 15.73 64 38.46 78 21.48
4 44 40.0 56 27.93 67 21.08 80 26.9
4 56 18.18 66 21.08 68 19.37 80 19.17
4 57 16.08 67 19.37 69 18.64 80 29.01
3 68 18.64 70 17.45 82 14.5
3 58 29.41 71 18.25 83 17.24
1 72 15.84
4 61 21.81 71 15.84 73 20.82 94 38.03
4 62 18.68 72 20.82 74 19.45 95 44.62
4 51 37.12 62 26.77 75 20.71 84 18.78
3 63 23.11 74 20.71 85 15.83
3 75 18.2 77 20.08 87 25.58
2 78 17.62 87 17.85
2 65 21.48 87 23.3
3 66 16.37 80 19.28 89 23.44
6 68 29.01 79 19.28 81 20.19 89 27.43 90 15.3 91 28.72
4 68 14.33 80 20.19 82 19.48 91 21.48
3 69 14.5 83 18.69 92 20.6
3 70 17.24 82 18.69 93 19.1
3 74 18.78 85 17.41 96 21.39
2 75 15.83 84 17.41
4 76 16.72 85 17.9 87 19.2 98 22.55
4 78 23.3 88 18.91 98 27.14 99 22.69
3 78 17.71 87 18.91 100 18.48
3 79 23.44 90 16.2 101 15.8
2 80 15.3 91 19.41
5 80 28.72 81 21.48 90 19.41 92 20.07 102 17.61
3 82 20.6 91 20.07 93 18.81
4 83 19.1 92 18.81 94 35.82 109 39.11
6 70 51.27 72 38.03 93 35.82 95 19.3 103 28.47 110 34.9
3 73 44.62 96 17.59 103 20.0
6 84 21.39 95 17.59 97 19.47 103 25.52 104 26.14 112 35.51
3 85 21.39 96 19.47 98 18.98
7 86 22.55 87 27.14 97 18.98 99 21.46 104 24.4 105 25.57 114 42.78
1 98 21.46
5 87 24.79 88 18.48 99 14.56 105 27.34 115 38.38
2 89 15.8 102 39.9
1 108 20.84
5 94 28.47 95 20.0 110 22.64 111 16.13 112 24.61
4 96 26.14 98 24.4 112 26.37 114 30.52
1 114 28.26
2 101 21.49 107 17.28
1 122 33.53
2 107 17.57 109 37.87
4 94 55.76 108 37.87 110 37.73 125 30.79
3 94 34.9 109 37.73 116 20.52
2 103 16.13 110 16.14
4 103 24.61 111 23.01 113 16.81 118 19.01
3 112 16.81 114 20.63 119 20.61
8 98 42.78 104 30.52 105 28.26 113 20.63 115 36.64 119 24.95 120 17.16 131 45.47
3 100 38.38 105 25.33 131 36.31
3 110 20.52 117 18.19 126 17.24
3 112 29.91 116 18.19 126 23.37
1 117 20.73
5 113 20.61 118 18.0 120 18.89 128 26.73 129 19.65
3 114 17.16 119 18.89 130 18.91
2 106 38.65 133 27.32
3 107 33.53 121 20.66 123 19.39
7 108 38.82 109 53.97 122 19.39 124 16.08 133 26.41 134 14.88 135 24.84
2 125 19.86 135 17.66
3 124 19.86 126 37.12 137 30.01
4 117 23.37 125 37.12 127 20.99 138 17.09
2 126 20.99 128 17.22
6 118 19.05 119 26.73 127 17.22 129 18.73 139 27.35 147 39.51
2 130 18.22 148 38.75
4 120 18.91 129 18.22 149 35.39 151 53.65
4 114 45.47 115 36.31 130 38.05 151 39.67
2 121 16.94 133 18.04
3 123 26.41 132 18.04 140 24.44
4 123 14.88 133 19.98 135 16.61 141 20.73
4 123 24.84 124 17.66 142 19.56 143 27.1
4 125 21.43 135 20.0 137 24.86 143 17.43
2 138 13.92 145 26.09
3 126 17.09 137 13.92 145 21.27
5 126 25.83 127 19.97 128 27.35 146 19.66 147 28.14
3 132 20.2 141 38.16 152 19.71
5 133 25.47 134 20.73 140 38.16 142 19.12 153 16.93
2 135 19.56 143 19.35
6 135 27.1 136 17.43 142 19.35 144 19.47 154 22.41 155 24.57
3 143 19.47 145 19.28 155 17.16
6 137 26.09 138 21.27 139 27.8 144 19.28 146 19.07 156 17.44
2 139 19.66 147 19.73
4 128 39.51 139 28.14 146 19.73 148 16.65
4 129 38.75 147 16.65 149 18.65 157 15.16
4 130 35.39 148 18.65 150 21.2 157 25.58
1 159 20.2
3 131 39.67 150 19.29 160 20.18
2 153 39.16 161 17.71
3 141 16.93 154 37.29 162 22.1
2 155 19.79 163 18.12
4 143 24.57 144 17.16 154 19.79 164 21.2
3 145 17.44 155 22.57 165 21.37
2 148 15.16 168 22.04
2 149 18.93 169 24.96
3 158 16.64 160 18.19 170 21.5
1 151 20.18
2 162 34.61 180 37.27
4 153 22.1 163 37.8 172 27.29 182 32.49
5 154 18.12 162 37.8 164 19.73 172 22.2 183 40.06
3 155 21.2 163 19.73 165 19.3
4 155 28.94 166 18.72 173 26.29 174 27.43
2 167 21.98 174 17.65
5 147 34.17 157 22.34 168 18.51 174 27.93 175 19.13
3 157 22.04 167 18.51 169 19.29
2 170 16.02 178 26.79
4 159 21.5 169 16.02 171 22.37 178 18.71
3 160 18.79 170 22.37 179 18.77
3 162 27.29 182 27.05 183 30.09
3 163 30.79 165 26.29 185 22.38
5 165 27.43 167 27.93 185 25.99 186 19.49 187 30.78
2 167 19.13 176 20.9
4 169 26.17 175 20.9 177 18.42 187 28.52
2 169 15.75 178 21.42
4 169 26.79 177 21.42 189 15.38 190 22.75
2 178 16.6 190 19.11
2 181 19.35 191 19.21
2 182 19.1 192 23.49
4 162 32.49 172 27.05 183 40.06 193 21.6
2 173 28.63 182 40.06
2 183 17.68 185 20.45
3 165 35.2 173 22.38 195 29.98
2 185 18.86 187 20.13
6 174 30.78 175 24.36 176 28.52 188 35.73 197 26.35 198 17.21
3 177 19.1 199 18.06 200 29.54
3 178 15.38 188 21.38 200 19.67
3 178 22.75 189 15.36 210 34.46
2 192 19.29 201 21.77
3 181 23.49 193 17.78 202 17.78
3 192 17.78 194 39.09 203 18.73
3 183 17.6 193 39.09 204 18.71
7 183 25.62 184 23.22 194 17.93 196 22.2 204 24.42 205 16.13 206 26.69
4 185 19.69 195 22.2 197 18.72 206 19.55
2 198 17.51 206 25.13
3 197 17.51 199 39.06 207 20.8
2 198 39.06 208 20.72
3 188 29.54 189 19.67 209 18.7
2 191 21.77 202 18.38
2 201 18.38 203 19.49
3 193 18.73 202 19.49 204 37.5
3 195 24.42 203 37.5 205 19.84
1 206 19.22
2 196 19.55 207 38.37
2 206 38.37 208 36.74
2 199 20.72 209 21.02
2 200 18.7 208 21.02
2 200 27.33 209 19.42
