Question 2 :
3.814724 | 3.135477 | 3.905792 | 3.835009 | 3.126987 | 3.968868 | 3.913376 | 3.221034 | 3.632359 | 3.308167 | 
3.097540 | 3.547221 | 3.278498 | 3.188382 | 3.546882 | 3.992881 | 3.957507 | 3.996461 | 3.964889 | 3.967695 | 
3.157613 | 3.725839 | 3.970593 | 3.981110 | 3.957167 | 3.109862 | 3.485376 | 3.798106 | 3.800280 | 3.297029 | 
3.141886 | 3.004783 | 3.421761 | 3.112465 | 3.915736 | 3.639763 | 3.792207 | 3.878431 | 3.959492 | 3.503663 | 
3.655741 | 3.797929 | 3.035712 | 3.361294 | 3.849129 | 3.211924 | 3.933993 | 3.681360 | 3.678735 | 3.398739 | 
3.757740 | 3.740647 | 3.743132 | 3.474759 | 3.392227 | 3.422088 | 3.655478 | 3.173865 | 3.171187 | 3.301913 | 
3.706046 | 3.797280 | 3.031833 | 3.316550 | 3.276923 | 3.872429 | 3.046171 | 3.149114 | 3.097132 | 3.994068 | 
3.823458 | 3.821903 | 3.694829 | 3.125183 | 3.317099 | 3.763750 | 3.950222 | 3.490589 | 3.034446 | 3.663606 | 
3.438744 | 3.125897 | 3.381558 | 3.210209 | 3.765517 | 3.051216 | 3.795200 | 3.036441 | 3.186873 | 3.408731 | 
3.489764 | 3.457989 | 3.445586 | 3.487569 | 3.646313 | 3.793975 | 3.709365 | 3.920875 | 3.754687 | 3.807531 | 

Question 3 :
Histo 1 000 | 1 000 000
0.51 ( 514) | 0.50 (500085)
0.10 (  99) | 0.10 (100293)
0.39 ( 387) | 0.40 (399622)

Probalités cumulées de l'histo à 1 000 tirages :
0.514000
0.613000
1.000000

Probalités cumulées de l'histo à 1 000 000 tirages :
0.500085
0.600378
1.000000

Question 4 :
Nb tirages | [ 0; 1[ | [ 1; 2[ | [ 2; 3[ | [ 3; 4[ | [ 4; 5[ | [ 5; 6[ | [ 6; 7[ | [ 7; 8[ | [ 8; 9[ | [ 9;10[ | [10;11[ | [11;12[ | [12;13[ | [13;14[ | [14;15[ | [15;16[ | [16;17[ | [17;18[ | [18;19[ | [19;20[ | [20; +inf [
      1000 |     106 |      97 |      76 |      65 |      62 |      47 |      50 |      51 |      37 |      50 |      42 |      29 |      24 |      28 |      17 |      23 |      19 |      16 |      11 |      14 |     136
   1000000 |   95033 |   86125 |   77734 |   70094 |   63817 |   57755 |   52205 |   47316 |   42648 |   39058 |   34781 |   31769 |   28645 |   25965 |   23582 |   21409 |   19278 |   17425 |   15537 |   14111 |  135713

Question 5: 
[-3;-2[ : 4.54 (453797)
[-2;-1[ : 27.18 (2718237)
[-1; 0[ : 68.25 (6824857)
[ 0; 1[ : 68.27 (6827483)
[ 1; 2[ : 27.20 (2719682)
[ 2; 3[ : 4.28 (428483)
